19 29
17 
C 10 1
C 1 15
V 1 9
T 1 13
C 2 3
T 3 1
V 3 8
C 3 14
F 4 5
F 5 12
T 6 3
T 7 10
C 8 2
V 8 6
T 8 15
C 9 13
T 10 3
0 0 0 0 0 0 0 0 0 0 0 0 1 0 0 0 1
0 0 0 1 0 0 0 1 0 0 0 0 0 0 0 0 0
0 0 0 1 0 0 1 1 0 0 0 0 0 0 0 0 0
0 1 1 0 0 0 0 1 0 0 0 0 0 0 0 0 0
0 0 0 0 0 1 1 0 1 0 0 0 0 0 0 0 0
0 0 0 0 1 0 0 0 1 0 1 0 0 0 0 0 0
0 0 1 0 1 0 0 1 1 1 0 0 0 0 0 0 0
0 1 1 1 0 0 1 0 0 1 0 0 0 0 1 0 0
0 0 0 0 1 1 1 0 0 1 1 1 0 0 0 0 0
0 0 0 0 0 0 1 1 1 0 0 1 0 0 1 0 0
0 0 0 0 0 1 0 0 1 0 0 1 1 1 0 0 0
0 0 0 0 0 0 0 0 1 1 1 0 0 1 0 1 0
1 0 0 0 0 0 0 0 0 0 1 0 0 1 0 0 1
0 0 0 0 0 0 0 0 0 0 1 1 1 0 0 0 1
0 0 0 0 0 0 0 1 0 1 0 0 0 0 0 1 0
0 0 0 0 0 0 0 0 0 0 0 1 0 0 1 0 0
1 0 0 0 0 0 0 0 0 0 0 0 1 1 0 0 0
12 9 10 11 14 16 !
13 1 11 14 17 !
14 11 12 13 17 !
15 8 10 16 !
16 12 15 !
17 1 13 14 ! .
